0 56358
1 5591
2 3567
3 4034
4 5091
5 2045
6 1332
7 997
8 2427
9 1264
10 1922
11 397
12 1259
13 307
14 265
15 4542
16 4820
17 661
18 403
19 3583
20 1064
21 573
22 256
23 214
24 894
25 205
26 1327
27 143
28 1071
29 62
30 414
31 201
32 6013
33 683
34 380
35 309
36 694
37 479
38 125
39 128
40 701
41 249
42 169
43 97
44 813
45 1042
46 288
47 4715
48 10622
49 2192
50 1016
51 468
52 770
53 239
54 185
55 201
56 678
57 237
58 310
59 213
60 663
61 91
62 140
63 281
64 3416
65 597
66 434
67 758
68 677
69 214
70 211
71 112
72 448
73 212
74 108
75 76
76 441
77 438
78 225
79 204
80 2682
81 468
82 826
83 1673
84 910
85 588
86 221
87 208
88 502
89 91
90 301
91 184
92 443
93 76
94 88
95 69
96 1427
97 879
98 513
99 713
100 914
101 1058
102 313
103 311
104 484
105 641
106 324
107 308
108 817
109 307
110 579
111 739
112 1430
113 68
114 804
115 745
116 875
117 331
118 117
119 167
120 421
121 192
122 131
123 103
124 303
125 42
126 39
127 185
128 2677
129 767
130 1137
131 2218
132 1074
133 558
134 345
135 251
136 371
137 84
138 207
139 188
140 499
141 2007
142 150
143 147
144 866
145 325
146 419
147 1427
148 694
149 514
150 277
151 270
152 552
153 74
154 203
155 189
156 368
157 1555
158 84
159 7488
160 15899
161 177
162 101
163 252
164 358
165 551
166 132
167 73
168 252
169 47
170 203
171 188
172 321
173 340
174 101
175 81
176 701
177 235
178 217
179 166
180 366
181 193
182 218
183 69
184 517
185 44
186 354
187 71
188 388
189 1028
190 181
191 31
192 1711
193 282
194 351
195 658
196 427
197 241
198 306
199 85
200 342
201 108
202 309
203 70
204 380
205 92
206 96
207 43
208 924
209 153
210 198
211 447
212 385
213 281
214 69
215 53
216 242
217 187
218 313
219 51
220 269
221 295
222 74
223 164
224 8682
225 15263
226 4032
227 7900
228 653
229 15908
230 19
231 427
232 1094
233 697
234 1396
235 111
236 245
237 204
238 70
239 86
240 1523
241 129
242 82
243 44
244 259
245 271
246 75
247 113
248 241
249 285
250 90
251 160
252 330
253 631
254 5630
255 7175
