0 13609
1 13045
2 13158
3 13045
4 13219
5 13033
6 13149
7 13056
8 13073
9 13100
10 13158
11 13126
12 13034
13 12952
14 12968
15 13293
16 12974
17 13075
18 13173
19 12972
20 13029
21 12907
22 13085
23 13066
24 12917
25 13036
26 13171
27 13025
28 13052
29 13013
30 12943
31 13100
32 12962
33 13253
34 13059
35 13105
36 13182
37 13099
38 13040
39 13250
40 13206
41 12905
42 13214
43 12935
44 12907
45 13198
46 13023
47 13162
48 13123
49 12910
50 12925
51 13247
52 12968
53 12955
54 13087
55 13077
56 13011
57 13077
58 12973
59 13092
60 13106
61 13065
62 12901
63 12919
64 13278
65 13155
66 13171
67 13144
68 13188
69 13036
70 13067
71 13063
72 13100
73 13032
74 12778
75 12858
76 12867
77 13072
78 13123
79 13281
80 13105
81 13106
82 12952
83 13179
84 13279
85 12865
86 12982
87 13185
88 12949
89 12946
90 13104
91 13164
92 13149
93 12971
94 13069
95 13161
96 13122
97 12999
98 13020
99 13150
100 13138
101 12960
102 13075
103 13089
104 13097
105 13037
106 13154
107 13192
108 13097
109 13198
110 13050
111 12940
112 13152
113 12960
114 13001
115 13061
116 13174
117 13097
118 12967
119 13182
120 13069
121 13080
122 13054
123 12854
124 13125
125 13038
126 13183
127 13090
128 13177
129 13059
130 13028
131 13020
132 12977
133 13029
134 13136
135 13118
136 12977
137 13124
138 12929
139 13148
140 12989
141 13189
142 12909
143 12999
144 13288
145 13004
146 13027
147 13180
148 13068
149 12851
150 13018
151 13217
152 13130
153 13267
154 13173
155 13130
156 13048
157 13158
158 13084
159 13157
160 12928
161 13028
162 13207
163 13043
164 13294
165 13247
166 13154
167 13091
168 13134
169 13160
170 13232
171 13144
172 12932
173 13228
174 13227
175 13120
176 13094
177 13066
178 13279
179 13115
180 13066
181 13015
182 13169
183 13080
184 13225
185 12950
186 13079
187 13112
188 13077
189 13138
190 12987
191 13031
192 13028
193 12891
194 12878
195 13128
196 13002
197 13070
198 13135
199 13221
200 13160
201 13167
202 13101
203 13066
204 12898
205 13171
206 13001
207 12967
208 12953
209 12931
210 13271
211 13091
212 13115
213 12852
214 13143
215 13237
216 12883
217 13018
218 13094
219 13136
220 13013
221 12903
222 13163
223 13052
224 13056
225 13214
226 13026
227 13129
228 13131
229 13067
230 13094
231 13063
232 13086
233 13082
234 12974
235 13203
236 13133
237 13197
238 13176
239 13133
240 13076
241 13254
242 13124
243 13115
244 13242
245 12977
246 12993
247 13010
248 12876
249 13287
250 13090
251 13225
252 13109
253 13072
254 12913
255 13078
