0 165078
1 3883
2 1766
3 1226
4 2608
5 933
6 820
7 898
8 5678
9 663
10 836
11 615
12 1965
13 383
14 399
15 433
16 3589
17 381
18 357
19 436
20 378
21 166
22 166
23 133
24 4401
25 307
26 314
27 201
28 4918
29 124
30 241
31 127
32 4908
33 3365
34 914
35 415
36 874
37 281
38 193
39 164
40 2764
41 2929
42 377
43 257
44 684
45 191
46 188
47 213
48 1167
49 2083
50 278
51 203
52 341
53 178
54 155
55 146
56 586
57 3377
58 211
59 88
60 205
61 54
62 120
63 96
64 1181
65 1647
66 2528
67 749
68 156
69 1075
70 353
71 882
72 341
73 895
74 1693
75 85
76 128
77 580
78 96
79 88
80 364
81 293
82 1763
83 135
84 115
85 212
86 88
87 86
88 262
89 277
90 1657
91 81
92 49
93 173
94 58
95 31
96 1334
97 2625
98 348
99 1652
100 187
101 1508
102 106
103 75
104 2586
105 2389
106 596
107 1569
108 182
109 676
110 126
111 127
112 793
113 885
114 191
115 934
116 184
117 411
118 65
119 50
120 308
121 942
122 62
123 2452
124 58
125 900
126 31
127 68
128 845
129 374
130 1519
131 159
132 605
133 108
134 779
135 96
136 319
137 232
138 1112
139 78
140 1038
141 57
142 417
143 51
144 725
145 468
146 498
147 164
148 280
149 102
150 226
151 66
152 1015
153 781
154 677
155 254
156 702
157 56
158 216
159 158
160 995
161 325
162 869
163 79
164 56
165 354
166 952
167 31
168 221
169 200
170 664
171 210
172 81
173 468
174 525
175 37
176 714
177 101
178 167
179 41
180 103
181 790
182 107
183 38
184 75
185 59
186 117
187 35
188 1052
189 1455
190 175
191 35
192 611
193 275
194 69
195 1181
196 77
197 51
198 385
199 620
200 107
201 220
202 142
203 556
204 42
205 63
206 954
207 182
208 1036
209 1012
210 203
211 173
212 102
213 163
214 314
215 170
216 87
217 98
218 206
219 369
220 175
221 139
222 1026
223 133
224 2275
225 912
226 336
227 1530
228 60
229 248
230 58
231 3128
232 235
233 121
234 127
235 1198
236 42
237 45
238 60
239 3261
240 1857
241 81
242 71
243 581
244 40
245 98
246 104
247 3278
248 620
249 603
250 459
251 1439
252 535
253 528
254 928
255 56172
