0 7484
1 4076
2 1037
3 974
4 1280
5 560
6 620
7 508
8 1942
9 550
10 695
11 305
12 542
13 259
14 248
15 263
16 1367
17 346
18 285
19 283
20 406
21 171
22 497
23 388
24 1976
25 908
26 465
27 263
28 3116
29 2325
30 144
31 96
32 2541
33 1077
34 763
35 488
36 408
37 353
38 158
39 136
40 1088
41 459
42 226
43 160
44 1002
45 278
46 264
47 127
48 673
49 373
50 843
51 277
52 750
53 447
54 445
55 668
56 623
57 547
58 732
59 158
60 610
61 4248
62 91
63 65
64 674
65 275
66 357
67 685
68 310
69 1001
70 200
71 931
72 350
73 482
74 1801
75 146
76 166
77 1385
78 421
79 115
80 164
81 243
82 428
83 255
84 288
85 1349
86 917
87 920
88 476
89 337
90 773
91 277
92 101
93 5377
94 2775
95 37
96 1199
97 338
98 211
99 239
100 165
101 565
102 1821
103 63
104 1938
105 638
106 379
107 369
108 262
109 326
110 1698
111 179
112 901
113 146
114 149
115 223
116 419
117 479
118 1066
119 1364
120 1283
121 457
122 487
123 433
124 407
125 430
126 4800
127 470
128 1161
129 234
130 111
131 91
132 457
133 116
134 306
135 199
136 242
137 147
138 807
139 82
140 429
141 190
142 259
143 123
144 381
145 264
146 249
147 194
148 280
149 658
150 328
151 1251
152 1456
153 594
154 340
155 692
156 132
157 723
158 467
159 165
160 363
161 310
162 86
163 78
164 49
165 1115
166 98
167 73
168 168
169 137
170 103
171 166
172 52
173 487
174 217
175 72
176 450
177 97
178 94
179 206
180 167
181 902
182 619
183 796
184 1096
185 391
186 210
187 858
188 1273
189 58
190 931
191 174
192 359
193 191
194 83
195 71
196 86
197 80
198 709
199 383
200 115
201 140
202 212
203 59
204 60
205 267
206 1574
207 416
208 977
209 753
210 174
211 229
212 256
213 479
214 2640
215 1179
216 1066
217 761
218 238
219 199
220 1154
221 138
222 262
223 7525
224 1024
225 256
226 187
227 124
228 89
229 194
230 50
231 8954
232 81
233 78
234 89
235 103
236 94
237 128
238 72
239 777
240 1353
241 124
242 78
243 227
244 274
245 207
246 611
247 1805
248 946
249 992
250 371
251 359
252 2047
253 296
254 450
255 22440
