0 82371
1 6738
2 3783
3 5031
4 5991
5 2060
6 3015
7 1130
8 2714
9 858
10 2542
11 484
12 1859
13 1268
14 576
15 5820
16 5948
17 841
18 643
19 4488
20 1539
21 684
22 325
23 327
24 1067
25 278
26 1773
27 213
28 1330
29 165
30 596
31 367
32 7956
33 886
34 525
35 380
36 786
37 503
38 146
39 133
40 919
41 241
42 160
43 130
44 907
45 1329
46 411
47 6105
48 13375
49 2752
50 1288
51 570
52 1020
53 316
54 266
55 261
56 969
57 324
58 529
59 219
60 778
61 146
62 291
63 421
64 5210
65 829
66 672
67 642
68 771
69 384
70 221
71 205
72 500
73 277
74 143
75 108
76 575
77 581
78 129
79 261
80 3380
81 581
82 737
83 2030
84 955
85 356
86 298
87 293
88 549
89 112
90 343
91 242
92 545
93 88
94 135
95 98
96 2114
97 1062
98 516
99 911
100 1133
101 1231
102 413
103 359
104 717
105 817
106 200
107 382
108 883
109 331
110 712
111 905
112 1642
113 123
114 964
115 869
116 1083
117 322
118 151
119 189
120 642
121 255
122 177
123 210
124 421
125 75
126 44
127 159
128 4061
129 1123
130 1386
131 2572
132 1302
133 808
134 460
135 287
136 456
137 305
138 387
139 556
140 679
141 2881
142 186
143 196
144 963
145 388
146 556
147 1894
148 998
149 786
150 371
151 266
152 651
153 89
154 246
155 316
156 532
157 2207
158 101
159 9422
160 20347
161 188
162 265
163 296
164 457
165 792
166 41
167 85
168 314
169 29
170 247
171 44
172 924
173 581
174 184
175 71
176 835
177 201
178 261
179 178
180 449
181 185
182 367
183 62
184 706
185 80
186 386
187 111
188 478
189 1302
190 409
191 122
192 2584
193 384
194 492
195 723
196 560
197 221
198 335
199 149
200 415
201 71
202 296
203 78
204 398
205 150
206 162
207 48
208 1258
209 198
210 223
211 524
212 562
213 353
214 150
215 160
216 568
217 389
218 489
219 55
220 351
221 310
222 160
223 175
224 11362
225 19534
226 5494
227 9840
228 712
229 20151
230 37
231 613
232 1484
233 906
234 1751
235 112
236 333
237 249
238 61
239 97
240 1853
241 126
242 245
243 51
244 364
245 266
246 132
247 129
248 266
249 438
250 128
251 163
252 398
253 866
254 12853
255 8487
