0 21529
1 20939
2 21084
3 20875
4 20842
5 20939
6 21196
7 21009
8 20744
9 20822
10 20689
11 21176
12 21139
13 21012
14 21119
15 21088
16 20841
17 20943
18 21082
19 21070
20 20821
21 21151
22 20973
23 20853
24 20928
25 21216
26 20937
27 21067
28 20903
29 21052
30 21006
31 21020
32 20965
33 21052
34 20850
35 20610
36 20933
37 20690
38 21289
39 20867
40 21037
41 20928
42 20916
43 20941
44 21054
45 21139
46 21155
47 21130
48 21072
49 20897
50 20842
51 21002
52 21097
53 20904
54 21068
55 20747
56 20872
57 20892
58 20757
59 20961
60 20677
61 21110
62 20959
63 21054
64 20984
65 21033
66 20927
67 20806
68 21044
69 21105
70 21052
71 20982
72 20974
73 21016
74 20861
75 21032
76 20863
77 21102
78 20926
79 21081
80 21187
81 21182
82 21028
83 20774
84 21101
85 21077
86 20898
87 20903
88 20918
89 20978
90 20698
91 20803
92 20953
93 21109
94 20968
95 20954
96 21178
97 21077
98 20814
99 21094
100 20881
101 21004
102 21025
103 20965
104 21098
105 21055
106 21058
107 21079
108 20818
109 21019
110 20666
111 20712
112 20945
113 20735
114 20743
115 20894
116 21093
117 21109
118 20916
119 21063
120 20969
121 21004
122 21126
123 21205
124 20635
125 21086
126 20973
127 21033
128 21111
129 21000
130 20956
131 20809
132 20929
133 20907
134 20756
135 20887
136 21146
137 21026
138 20813
139 20829
140 20598
141 20658
142 20984
143 21184
144 20979
145 21056
146 21086
147 20818
148 20866
149 21036
150 20897
151 20862
152 20902
153 20853
154 20846
155 21121
156 21100
157 20624
158 20722
159 20896
160 21071
161 20935
162 20777
163 20821
164 20728
165 20777
166 20730
167 20858
168 20840
169 20857
170 21068
171 20808
172 20780
173 20932
174 20972
175 20758
176 20896
177 20970
178 20936
179 20644
180 20925
181 20884
182 20788
183 21179
184 20864
185 20814
186 20941
187 21015
188 20949
189 21078
190 21123
191 20921
192 20956
193 20919
194 20879
195 20905
196 21062
197 21026
198 21025
199 20907
200 20932
201 20970
202 21052
203 20877
204 20961
205 21062
206 21044
207 20923
208 21053
209 20985
210 20922
211 20917
212 20922
213 20937
214 20868
215 21115
216 20976
217 20981
218 20711
219 20949
220 20988
221 20902
222 20978
223 20831
224 20879
225 20995
226 20931
227 20928
228 20908
229 21000
230 21067
231 21224
232 21189
233 21002
234 20929
235 20747
236 21098
237 20958
238 20954
239 21025
240 20821
241 21156
242 20937
243 20647
244 20888
245 21028
246 21024
247 20850
248 20591
249 20789
250 21075
251 20865
252 20779
253 20939
254 21210
255 20925
